fest_name    |fest_year|revenue_total|revenue_debit_card|revenue_credit_card|revenue_bank_transfer|
-------------+---------+-------------+------------------+-------------------+---------------------+
festival 2020|     2020|     42355.00|          15355.00|           22280.00|              4720.00|
festival 2021|     2021|     16200.00|           6280.00|            8200.00|              1720.00|
festival 2022|     2022|     23640.00|          10120.00|           11160.00|              2360.00|
festival 2023|     2023|     37680.00|          15440.00|           18360.00|              3880.00|
festival 2024|     2024|     24720.00|           9640.00|           12160.00|              2920.00|
festival 2025|     2025|     43700.00|          16700.00|           22280.00|              4720.00|
festival 2026|     2026|     18280.00|           8080.00|            8680.00|              1520.00|
festival 2027|     2027|     13600.00|           6280.00|            6360.00|               960.00|
festival 2028|     2028|            0|                 0|                  0|                    0|
festival 2029|     2029|     15840.00|           6960.00|            8280.00|               600.00|